{
  "nbformat": 4,
  "nbformat_minor": 0,
  "metadata": {
    "colab": {
      "name": "MLassignment6Q3.ipynb",
      "provenance": []
    },
    "kernelspec": {
      "name": "python3",
      "display_name": "Python 3"
    },
    "language_info": {
      "name": "python"
    }
  },
  "cells": [
    {
      "cell_type": "markdown",
      "source": [
        "**Problem:3**"
      ],
      "metadata": {
        "id": "-prbzS3amKTq"
      }
    },
    {
      "cell_type": "code",
      "source": [
        "Importing the required packages"
      ],
      "metadata": {
        "id": "2qB5Yaz9mIoL"
      },
      "execution_count": null,
      "outputs": []
    },
    {
      "cell_type": "code",
      "execution_count": 1287,
      "metadata": {
        "id": "1oj6UDxlV6zL"
      },
      "outputs": [],
      "source": [
        "import math\n",
        "import warnings\n",
        "import numpy as np\n",
        "import pandas as pd\n",
        "import matplotlib.pyplot as plt\n",
        "from sklearn.manifold import MDS"
      ]
    },
    {
      "cell_type": "markdown",
      "source": [
        "From the below code we are just loading the cities csv and which is seperated by the ; and also, we are also verifying the shape of the cities csv file"
      ],
      "metadata": {
        "id": "4fVn0M9qmN8z"
      }
    },
    {
      "cell_type": "code",
      "source": [
        "dataset = pd.read_csv(\"cities.csv\",sep=';',header=None) #loading the cities csv file with seperator ;\n",
        "print('The shape of the cities csv file is',dataset.shape) #priniting the shape of the cities data set\n",
        "print(' ')\n",
        "dataset.head(10) #priniting the few rows from the data set"
      ],
      "metadata": {
        "colab": {
          "base_uri": "https://localhost:8080/",
          "height": 491
        },
        "id": "N8yEUyd_WFmP",
        "outputId": "e8bfbae7-f06e-4046-8492-e804bfa3049d"
      },
      "execution_count": 1288,
      "outputs": [
        {
          "output_type": "stream",
          "name": "stdout",
          "text": [
            "The shape of the cities csv file is (24, 26)\n",
            " \n"
          ]
        },
        {
          "output_type": "execute_result",
          "data": {
            "text/plain": [
              "           0        1        2        3        4        5        6        7   \\\n",
              "0   Barcelona     0.00  1528.13  1497.61  1062.89  1968.42  1498.79  1757.54   \n",
              "1    Belgrade  1528.13     0.00   999.25  1372.59   447.34   316.41  1327.24   \n",
              "2      Berlin  1497.61   999.25     0.00   651.62  1293.40   689.06   354.03   \n",
              "3    Brussels  1062.89  1372.59   651.62     0.00  1769.69  1131.52   766.67   \n",
              "4   Bucharest  1968.42   447.34  1293.40  1769.69     0.00   639.77  1571.54   \n",
              "5    Budapest  1498.79   316.41   689.06  1131.52   639.77     0.00  1011.31   \n",
              "6  Copenhagen  1757.54  1327.24   354.03   766.67  1571.54  1011.31     0.00   \n",
              "7      Dublin  1469.29  2145.39  1315.16   773.20  2534.72  1894.95  1238.38   \n",
              "8     Hamburg  1471.78  1229.93   254.51   489.76  1544.17   927.92   287.97   \n",
              "9    Istanbul  2230.42   809.48  1735.01  2178.85   445.62  1064.76  2017.17   \n",
              "\n",
              "        8        9   ...       16       17       18       19       20  \\\n",
              "0  1469.29  1471.78  ...  1054.55   831.59  1353.90   856.69  2813.02   \n",
              "1  2145.39  1229.93  ...   773.33  1445.70   738.10   721.55  1797.75   \n",
              "2  1315.16   254.51  ...   501.97   876.96   280.34  1181.67  1319.62   \n",
              "3   773.20   489.76  ...   601.87   261.29   721.08  1171.34  1903.66   \n",
              "4  2534.72  1544.17  ...  1186.37  1869.95  1076.82  1137.38  1740.39   \n",
              "5  1894.95   927.92  ...   563.93  1247.61   443.26   811.11  1556.51   \n",
              "6  1238.38   287.97  ...   838.00  1025.90   633.05  1529.69  1143.40   \n",
              "7     0.00  1073.36  ...  1374.91   776.83  1465.61  1882.22  2314.19   \n",
              "8  1073.36     0.00  ...   610.17   744.63   492.25  1307.51  1414.16   \n",
              "9  2950.11  1983.75  ...  1582.16  2253.98  1507.55  1373.81  2099.29   \n",
              "\n",
              "        21       22       23       24  25  \n",
              "0  1745.55  2276.51  1347.43  1862.33 NaN  \n",
              "1   329.46  1620.96   489.28   826.66 NaN  \n",
              "2  1318.67   810.38   523.61   516.06 NaN  \n",
              "3  1697.83  1280.88   914.81  1159.85 NaN  \n",
              "4   296.68  1742.25   855.32   946.12 NaN  \n",
              "5   629.63  1316.59   216.98   545.29 NaN  \n",
              "6  1635.54   521.68   868.87   667.80 NaN  \n",
              "7  2471.02  1626.56  1680.00  1823.72 NaN  \n",
              "8  1554.82   809.65   742.79   750.49 NaN  \n",
              "9   502.61  2171.65  1273.88  1386.08 NaN  \n",
              "\n",
              "[10 rows x 26 columns]"
            ],
            "text/html": [
              "\n",
              "  <div id=\"df-a053ce63-4ad1-4ee2-b8b2-9318e306c6bb\">\n",
              "    <div class=\"colab-df-container\">\n",
              "      <div>\n",
              "<style scoped>\n",
              "    .dataframe tbody tr th:only-of-type {\n",
              "        vertical-align: middle;\n",
              "    }\n",
              "\n",
              "    .dataframe tbody tr th {\n",
              "        vertical-align: top;\n",
              "    }\n",
              "\n",
              "    .dataframe thead th {\n",
              "        text-align: right;\n",
              "    }\n",
              "</style>\n",
              "<table border=\"1\" class=\"dataframe\">\n",
              "  <thead>\n",
              "    <tr style=\"text-align: right;\">\n",
              "      <th></th>\n",
              "      <th>0</th>\n",
              "      <th>1</th>\n",
              "      <th>2</th>\n",
              "      <th>3</th>\n",
              "      <th>4</th>\n",
              "      <th>5</th>\n",
              "      <th>6</th>\n",
              "      <th>7</th>\n",
              "      <th>8</th>\n",
              "      <th>9</th>\n",
              "      <th>...</th>\n",
              "      <th>16</th>\n",
              "      <th>17</th>\n",
              "      <th>18</th>\n",
              "      <th>19</th>\n",
              "      <th>20</th>\n",
              "      <th>21</th>\n",
              "      <th>22</th>\n",
              "      <th>23</th>\n",
              "      <th>24</th>\n",
              "      <th>25</th>\n",
              "    </tr>\n",
              "  </thead>\n",
              "  <tbody>\n",
              "    <tr>\n",
              "      <th>0</th>\n",
              "      <td>Barcelona</td>\n",
              "      <td>0.00</td>\n",
              "      <td>1528.13</td>\n",
              "      <td>1497.61</td>\n",
              "      <td>1062.89</td>\n",
              "      <td>1968.42</td>\n",
              "      <td>1498.79</td>\n",
              "      <td>1757.54</td>\n",
              "      <td>1469.29</td>\n",
              "      <td>1471.78</td>\n",
              "      <td>...</td>\n",
              "      <td>1054.55</td>\n",
              "      <td>831.59</td>\n",
              "      <td>1353.90</td>\n",
              "      <td>856.69</td>\n",
              "      <td>2813.02</td>\n",
              "      <td>1745.55</td>\n",
              "      <td>2276.51</td>\n",
              "      <td>1347.43</td>\n",
              "      <td>1862.33</td>\n",
              "      <td>NaN</td>\n",
              "    </tr>\n",
              "    <tr>\n",
              "      <th>1</th>\n",
              "      <td>Belgrade</td>\n",
              "      <td>1528.13</td>\n",
              "      <td>0.00</td>\n",
              "      <td>999.25</td>\n",
              "      <td>1372.59</td>\n",
              "      <td>447.34</td>\n",
              "      <td>316.41</td>\n",
              "      <td>1327.24</td>\n",
              "      <td>2145.39</td>\n",
              "      <td>1229.93</td>\n",
              "      <td>...</td>\n",
              "      <td>773.33</td>\n",
              "      <td>1445.70</td>\n",
              "      <td>738.10</td>\n",
              "      <td>721.55</td>\n",
              "      <td>1797.75</td>\n",
              "      <td>329.46</td>\n",
              "      <td>1620.96</td>\n",
              "      <td>489.28</td>\n",
              "      <td>826.66</td>\n",
              "      <td>NaN</td>\n",
              "    </tr>\n",
              "    <tr>\n",
              "      <th>2</th>\n",
              "      <td>Berlin</td>\n",
              "      <td>1497.61</td>\n",
              "      <td>999.25</td>\n",
              "      <td>0.00</td>\n",
              "      <td>651.62</td>\n",
              "      <td>1293.40</td>\n",
              "      <td>689.06</td>\n",
              "      <td>354.03</td>\n",
              "      <td>1315.16</td>\n",
              "      <td>254.51</td>\n",
              "      <td>...</td>\n",
              "      <td>501.97</td>\n",
              "      <td>876.96</td>\n",
              "      <td>280.34</td>\n",
              "      <td>1181.67</td>\n",
              "      <td>1319.62</td>\n",
              "      <td>1318.67</td>\n",
              "      <td>810.38</td>\n",
              "      <td>523.61</td>\n",
              "      <td>516.06</td>\n",
              "      <td>NaN</td>\n",
              "    </tr>\n",
              "    <tr>\n",
              "      <th>3</th>\n",
              "      <td>Brussels</td>\n",
              "      <td>1062.89</td>\n",
              "      <td>1372.59</td>\n",
              "      <td>651.62</td>\n",
              "      <td>0.00</td>\n",
              "      <td>1769.69</td>\n",
              "      <td>1131.52</td>\n",
              "      <td>766.67</td>\n",
              "      <td>773.20</td>\n",
              "      <td>489.76</td>\n",
              "      <td>...</td>\n",
              "      <td>601.87</td>\n",
              "      <td>261.29</td>\n",
              "      <td>721.08</td>\n",
              "      <td>1171.34</td>\n",
              "      <td>1903.66</td>\n",
              "      <td>1697.83</td>\n",
              "      <td>1280.88</td>\n",
              "      <td>914.81</td>\n",
              "      <td>1159.85</td>\n",
              "      <td>NaN</td>\n",
              "    </tr>\n",
              "    <tr>\n",
              "      <th>4</th>\n",
              "      <td>Bucharest</td>\n",
              "      <td>1968.42</td>\n",
              "      <td>447.34</td>\n",
              "      <td>1293.40</td>\n",
              "      <td>1769.69</td>\n",
              "      <td>0.00</td>\n",
              "      <td>639.77</td>\n",
              "      <td>1571.54</td>\n",
              "      <td>2534.72</td>\n",
              "      <td>1544.17</td>\n",
              "      <td>...</td>\n",
              "      <td>1186.37</td>\n",
              "      <td>1869.95</td>\n",
              "      <td>1076.82</td>\n",
              "      <td>1137.38</td>\n",
              "      <td>1740.39</td>\n",
              "      <td>296.68</td>\n",
              "      <td>1742.25</td>\n",
              "      <td>855.32</td>\n",
              "      <td>946.12</td>\n",
              "      <td>NaN</td>\n",
              "    </tr>\n",
              "    <tr>\n",
              "      <th>5</th>\n",
              "      <td>Budapest</td>\n",
              "      <td>1498.79</td>\n",
              "      <td>316.41</td>\n",
              "      <td>689.06</td>\n",
              "      <td>1131.52</td>\n",
              "      <td>639.77</td>\n",
              "      <td>0.00</td>\n",
              "      <td>1011.31</td>\n",
              "      <td>1894.95</td>\n",
              "      <td>927.92</td>\n",
              "      <td>...</td>\n",
              "      <td>563.93</td>\n",
              "      <td>1247.61</td>\n",
              "      <td>443.26</td>\n",
              "      <td>811.11</td>\n",
              "      <td>1556.51</td>\n",
              "      <td>629.63</td>\n",
              "      <td>1316.59</td>\n",
              "      <td>216.98</td>\n",
              "      <td>545.29</td>\n",
              "      <td>NaN</td>\n",
              "    </tr>\n",
              "    <tr>\n",
              "      <th>6</th>\n",
              "      <td>Copenhagen</td>\n",
              "      <td>1757.54</td>\n",
              "      <td>1327.24</td>\n",
              "      <td>354.03</td>\n",
              "      <td>766.67</td>\n",
              "      <td>1571.54</td>\n",
              "      <td>1011.31</td>\n",
              "      <td>0.00</td>\n",
              "      <td>1238.38</td>\n",
              "      <td>287.97</td>\n",
              "      <td>...</td>\n",
              "      <td>838.00</td>\n",
              "      <td>1025.90</td>\n",
              "      <td>633.05</td>\n",
              "      <td>1529.69</td>\n",
              "      <td>1143.40</td>\n",
              "      <td>1635.54</td>\n",
              "      <td>521.68</td>\n",
              "      <td>868.87</td>\n",
              "      <td>667.80</td>\n",
              "      <td>NaN</td>\n",
              "    </tr>\n",
              "    <tr>\n",
              "      <th>7</th>\n",
              "      <td>Dublin</td>\n",
              "      <td>1469.29</td>\n",
              "      <td>2145.39</td>\n",
              "      <td>1315.16</td>\n",
              "      <td>773.20</td>\n",
              "      <td>2534.72</td>\n",
              "      <td>1894.95</td>\n",
              "      <td>1238.38</td>\n",
              "      <td>0.00</td>\n",
              "      <td>1073.36</td>\n",
              "      <td>...</td>\n",
              "      <td>1374.91</td>\n",
              "      <td>776.83</td>\n",
              "      <td>1465.61</td>\n",
              "      <td>1882.22</td>\n",
              "      <td>2314.19</td>\n",
              "      <td>2471.02</td>\n",
              "      <td>1626.56</td>\n",
              "      <td>1680.00</td>\n",
              "      <td>1823.72</td>\n",
              "      <td>NaN</td>\n",
              "    </tr>\n",
              "    <tr>\n",
              "      <th>8</th>\n",
              "      <td>Hamburg</td>\n",
              "      <td>1471.78</td>\n",
              "      <td>1229.93</td>\n",
              "      <td>254.51</td>\n",
              "      <td>489.76</td>\n",
              "      <td>1544.17</td>\n",
              "      <td>927.92</td>\n",
              "      <td>287.97</td>\n",
              "      <td>1073.36</td>\n",
              "      <td>0.00</td>\n",
              "      <td>...</td>\n",
              "      <td>610.17</td>\n",
              "      <td>744.63</td>\n",
              "      <td>492.25</td>\n",
              "      <td>1307.51</td>\n",
              "      <td>1414.16</td>\n",
              "      <td>1554.82</td>\n",
              "      <td>809.65</td>\n",
              "      <td>742.79</td>\n",
              "      <td>750.49</td>\n",
              "      <td>NaN</td>\n",
              "    </tr>\n",
              "    <tr>\n",
              "      <th>9</th>\n",
              "      <td>Istanbul</td>\n",
              "      <td>2230.42</td>\n",
              "      <td>809.48</td>\n",
              "      <td>1735.01</td>\n",
              "      <td>2178.85</td>\n",
              "      <td>445.62</td>\n",
              "      <td>1064.76</td>\n",
              "      <td>2017.17</td>\n",
              "      <td>2950.11</td>\n",
              "      <td>1983.75</td>\n",
              "      <td>...</td>\n",
              "      <td>1582.16</td>\n",
              "      <td>2253.98</td>\n",
              "      <td>1507.55</td>\n",
              "      <td>1373.81</td>\n",
              "      <td>2099.29</td>\n",
              "      <td>502.61</td>\n",
              "      <td>2171.65</td>\n",
              "      <td>1273.88</td>\n",
              "      <td>1386.08</td>\n",
              "      <td>NaN</td>\n",
              "    </tr>\n",
              "  </tbody>\n",
              "</table>\n",
              "<p>10 rows × 26 columns</p>\n",
              "</div>\n",
              "      <button class=\"colab-df-convert\" onclick=\"convertToInteractive('df-a053ce63-4ad1-4ee2-b8b2-9318e306c6bb')\"\n",
              "              title=\"Convert this dataframe to an interactive table.\"\n",
              "              style=\"display:none;\">\n",
              "        \n",
              "  <svg xmlns=\"http://www.w3.org/2000/svg\" height=\"24px\"viewBox=\"0 0 24 24\"\n",
              "       width=\"24px\">\n",
              "    <path d=\"M0 0h24v24H0V0z\" fill=\"none\"/>\n",
              "    <path d=\"M18.56 5.44l.94 2.06.94-2.06 2.06-.94-2.06-.94-.94-2.06-.94 2.06-2.06.94zm-11 1L8.5 8.5l.94-2.06 2.06-.94-2.06-.94L8.5 2.5l-.94 2.06-2.06.94zm10 10l.94 2.06.94-2.06 2.06-.94-2.06-.94-.94-2.06-.94 2.06-2.06.94z\"/><path d=\"M17.41 7.96l-1.37-1.37c-.4-.4-.92-.59-1.43-.59-.52 0-1.04.2-1.43.59L10.3 9.45l-7.72 7.72c-.78.78-.78 2.05 0 2.83L4 21.41c.39.39.9.59 1.41.59.51 0 1.02-.2 1.41-.59l7.78-7.78 2.81-2.81c.8-.78.8-2.07 0-2.86zM5.41 20L4 18.59l7.72-7.72 1.47 1.35L5.41 20z\"/>\n",
              "  </svg>\n",
              "      </button>\n",
              "      \n",
              "  <style>\n",
              "    .colab-df-container {\n",
              "      display:flex;\n",
              "      flex-wrap:wrap;\n",
              "      gap: 12px;\n",
              "    }\n",
              "\n",
              "    .colab-df-convert {\n",
              "      background-color: #E8F0FE;\n",
              "      border: none;\n",
              "      border-radius: 50%;\n",
              "      cursor: pointer;\n",
              "      display: none;\n",
              "      fill: #1967D2;\n",
              "      height: 32px;\n",
              "      padding: 0 0 0 0;\n",
              "      width: 32px;\n",
              "    }\n",
              "\n",
              "    .colab-df-convert:hover {\n",
              "      background-color: #E2EBFA;\n",
              "      box-shadow: 0px 1px 2px rgba(60, 64, 67, 0.3), 0px 1px 3px 1px rgba(60, 64, 67, 0.15);\n",
              "      fill: #174EA6;\n",
              "    }\n",
              "\n",
              "    [theme=dark] .colab-df-convert {\n",
              "      background-color: #3B4455;\n",
              "      fill: #D2E3FC;\n",
              "    }\n",
              "\n",
              "    [theme=dark] .colab-df-convert:hover {\n",
              "      background-color: #434B5C;\n",
              "      box-shadow: 0px 1px 3px 1px rgba(0, 0, 0, 0.15);\n",
              "      filter: drop-shadow(0px 1px 2px rgba(0, 0, 0, 0.3));\n",
              "      fill: #FFFFFF;\n",
              "    }\n",
              "  </style>\n",
              "\n",
              "      <script>\n",
              "        const buttonEl =\n",
              "          document.querySelector('#df-a053ce63-4ad1-4ee2-b8b2-9318e306c6bb button.colab-df-convert');\n",
              "        buttonEl.style.display =\n",
              "          google.colab.kernel.accessAllowed ? 'block' : 'none';\n",
              "\n",
              "        async function convertToInteractive(key) {\n",
              "          const element = document.querySelector('#df-a053ce63-4ad1-4ee2-b8b2-9318e306c6bb');\n",
              "          const dataTable =\n",
              "            await google.colab.kernel.invokeFunction('convertToInteractive',\n",
              "                                                     [key], {});\n",
              "          if (!dataTable) return;\n",
              "\n",
              "          const docLinkHtml = 'Like what you see? Visit the ' +\n",
              "            '<a target=\"_blank\" href=https://colab.research.google.com/notebooks/data_table.ipynb>data table notebook</a>'\n",
              "            + ' to learn more about interactive tables.';\n",
              "          element.innerHTML = '';\n",
              "          dataTable['output_type'] = 'display_data';\n",
              "          await google.colab.output.renderOutput(dataTable, element);\n",
              "          const docLink = document.createElement('div');\n",
              "          docLink.innerHTML = docLinkHtml;\n",
              "          element.appendChild(docLink);\n",
              "        }\n",
              "      </script>\n",
              "    </div>\n",
              "  </div>\n",
              "  "
            ]
          },
          "metadata": {},
          "execution_count": 1288
        }
      ]
    },
    {
      "cell_type": "markdown",
      "source": [
        "As , we see from the data set, the 1st columns is the names of the city, which can be removed for multi-dimensional scaling puropse , and also, we can also see the last columns which consist of null values, we can also drop the last column for mds."
      ],
      "metadata": {
        "id": "qHAvI2eanZFX"
      }
    },
    {
      "cell_type": "code",
      "source": [
        "newmatrix = np.array(dataset.iloc[:,1:25].values) #resetting the dataset by removing the 1st and last columns which is stored as the distance matrix\n",
        "print('After prepocessing the csv file shape is',newmatrix.shape) #priniting the shape of the matrix"
      ],
      "metadata": {
        "colab": {
          "base_uri": "https://localhost:8080/"
        },
        "id": "dF_LD1EHYCa-",
        "outputId": "c21babda-2d9f-4e8b-f73a-d4865b38e334"
      },
      "execution_count": 1289,
      "outputs": [
        {
          "output_type": "stream",
          "name": "stdout",
          "text": [
            "After prepocessing the csv file shape is (24, 24)\n"
          ]
        }
      ]
    },
    {
      "cell_type": "markdown",
      "source": [
        "From the above we can see that, 1 and last columns are ignored and the stored the remaining columns data as the matrix form "
      ],
      "metadata": {
        "id": "9HJDhJ7JoMtJ"
      }
    },
    {
      "cell_type": "code",
      "source": [
        "print('The matrix with the cities csv file\\n',newmatrix) #printing the matrix"
      ],
      "metadata": {
        "colab": {
          "base_uri": "https://localhost:8080/"
        },
        "id": "jA1-d252bqso",
        "outputId": "856c6bad-9cb8-4bc8-e20e-c5971a4ac6fd"
      },
      "execution_count": 1290,
      "outputs": [
        {
          "output_type": "stream",
          "name": "stdout",
          "text": [
            "The matrix with the cities csv file\n",
            " [[   0.   1528.13 1497.61 1062.89 1968.42 1498.79 1757.54 1469.29 1471.78\n",
            "  2230.42 2391.06 1137.67  504.64  725.12 3006.93 1054.55  831.59 1353.9\n",
            "   856.69 2813.02 1745.55 2276.51 1347.43 1862.33]\n",
            " [1528.13    0.    999.25 1372.59  447.34  316.41 1327.24 2145.39 1229.93\n",
            "   809.48  976.02 1688.97 2026.94  885.32 1710.99  773.33 1445.7   738.1\n",
            "   721.55 1797.75  329.46 1620.96  489.28  826.66]\n",
            " [1497.61  999.25    0.    651.62 1293.4   689.06  354.03 1315.16  254.51\n",
            "  1735.01 1204.    929.97 1867.69  840.72 1607.99  501.97  876.96  280.34\n",
            "  1181.67 1319.62 1318.67  810.38  523.61  516.06]\n",
            " [1062.89 1372.59  651.62    0.   1769.69 1131.52  766.67  773.2   489.76\n",
            "  2178.85 1836.2   318.72 1314.3   696.61 2253.26  601.87  261.29  721.08\n",
            "  1171.34 1903.66 1697.83 1280.88  914.81 1159.85]\n",
            " [1968.42  447.34 1293.4  1769.69    0.    639.77 1571.54 2534.72 1544.17\n",
            "   445.62  744.44 2088.42 2469.71 1331.46 1497.56 1186.37 1869.95 1076.82\n",
            "  1137.38 1740.39  296.68 1742.25  855.32  946.12]\n",
            " [1498.79  316.41  689.06 1131.52  639.77    0.   1011.31 1894.95  927.92\n",
            "  1064.76  894.29 1450.12 1975.38  788.56 1565.19  563.93 1247.61  443.26\n",
            "   811.11 1556.51  629.63 1316.59  216.98  545.29]\n",
            " [1757.54 1327.24  354.03  766.67 1571.54 1011.31    0.   1238.38  287.97\n",
            "  2017.17 1326.33  955.13 2071.75 1157.89 1558.52  838.   1025.9   633.05\n",
            "  1529.69 1143.4  1635.54  521.68  868.87  667.8 ]\n",
            " [1469.29 2145.39 1315.16  773.2  2534.72 1894.95 1238.38    0.   1073.36\n",
            "  2950.11 2513.69  462.6  1449.96 1413.37 2792.41 1374.91  776.83 1465.61\n",
            "  1882.22 2314.19 2471.02 1626.56 1680.   1823.72]\n",
            " [1471.78 1229.93  254.51  489.76 1544.17  927.92  287.97 1073.36    0.\n",
            "  1983.75 1440.34  720.12 1785.33  900.01 1779.93  610.17  744.63  492.25\n",
            "  1307.51 1414.16 1554.82  809.65  742.79  750.49]\n",
            " [2230.42  809.48 1735.01 2178.85  445.62 1064.76 2017.17 2950.11 1983.75\n",
            "     0.   1052.95 2496.39 2734.6  1669.43 1753.97 1582.16 2253.98 1507.55\n",
            "  1373.81 2099.29  502.61 2171.65 1273.88 1386.08]\n",
            " [2391.06  976.02 1204.   1836.2   744.44  894.29 1326.33 2513.69 1440.34\n",
            "  1052.95    0.   2131.2  2859.32 1672.69  756.61 1391.36 2022.76 1138.61\n",
            "  1673.74 1051.39 1020.76 1265.79 1052.76  690.12]\n",
            " [1137.67 1688.97  929.97  318.72 2088.42 1450.12  955.13  462.6   720.12\n",
            "  2496.39 2131.2     0.   1263.37  957.91 2498.32  916.23  340.55 1034.57\n",
            "  1431.21 2093.69 2012.7  1431.07 1233.48 1445.85]\n",
            " [ 504.64 2026.94 1867.69 1314.3  2469.71 1975.38 2071.75 1449.96 1785.33\n",
            "  2734.6  2859.32 1263.37    0.   1187.73 3437.7  1484.53 1053.4  1773.73\n",
            "  1360.8  3183.43 2250.1  2591.53 1807.09 2288.42]\n",
            " [ 725.12  885.32  840.72  696.61 1331.46  788.56 1157.89 1413.37  900.01\n",
            "  1669.43 1672.69  957.91 1187.73    0.   2283.19  348.89  641.31  646.04\n",
            "   476.   2122.15 1166.83 1650.12  623.36 1143.01]\n",
            " [3006.93 1710.99 1607.99 2253.26 1497.56 1565.19 1558.52 2792.41 1779.93\n",
            "  1753.97  756.61 2498.32 3437.7  2283.19    0.   1957.15 2484.92 1664.04\n",
            "  2374.26  632.59 1777.35 1227.38 1669.22 1149.41]\n",
            " [1054.55  773.33  501.97  601.87 1186.37  563.93  838.   1374.91  610.17\n",
            "  1582.16 1391.36  916.23 1484.53  348.89 1957.15    0.    685.14  300.16\n",
            "   698.04 1773.83 1096.54 1311.8   354.42  809.02]\n",
            " [ 831.59 1445.7   876.96  261.29 1869.95 1247.61 1025.9   776.83  744.63\n",
            "  2253.98 2022.76  340.55 1053.4   641.31 2484.92  685.14    0.    885.38\n",
            "  1105.76 2157.99 1758.03 1541.83 1033.73 1365.91]\n",
            " [1353.9   738.1   280.34  721.08 1076.82  443.26  633.05 1465.61  492.25\n",
            "  1507.55 1138.61 1034.57 1773.73  646.04 1664.04  300.16  885.38    0.\n",
            "   922.   1476.73 1064.43 1052.85  250.71  514.69]\n",
            " [ 856.69  721.55 1181.67 1171.34 1137.38  811.11 1529.69 1882.22 1307.51\n",
            "  1373.81 1673.74 1431.21 1360.8   476.   2374.26  698.04 1105.76  922.\n",
            "     0.   2339.22  894.06 1974.79  763.26 1316.24]\n",
            " [2813.02 1797.75 1319.62 1903.66 1740.39 1556.51 1143.4  2314.19 1414.16\n",
            "  2099.29 1051.39 2093.69 3183.43 2122.15  632.59 1773.83 2157.99 1476.73\n",
            "  2339.22    0.   1969.82  688.33 1577.56 1023.41]\n",
            " [1745.55  329.46 1318.67 1697.83  296.68  629.63 1635.54 2471.02 1554.82\n",
            "   502.61 1020.76 2012.7  2250.1  1166.83 1777.35 1096.54 1758.03 1064.43\n",
            "   894.06 1969.82    0.   1884.91  817.45 1076.99]\n",
            " [2276.51 1620.96  810.38 1280.88 1742.25 1316.59  521.68 1626.56  809.65\n",
            "  2171.65 1265.79 1431.07 2591.53 1650.12 1227.38 1311.8  1541.83 1052.85\n",
            "  1974.79  688.33 1884.91    0.   1241.9   808.14]\n",
            " [1347.43  489.28  523.61  914.81  855.32  216.98  868.87 1680.    742.79\n",
            "  1273.88 1052.76 1233.48 1807.09  623.36 1669.22  354.42 1033.73  250.71\n",
            "   763.26 1577.56  817.45 1241.9     0.    557.43]\n",
            " [1862.33  826.66  516.06 1159.85  946.12  545.29  667.8  1823.72  750.49\n",
            "  1386.08  690.12 1445.85 2288.42 1143.01 1149.41  809.02 1365.91  514.69\n",
            "  1316.24 1023.41 1076.99  808.14  557.43    0.  ]]\n"
          ]
        }
      ]
    },
    {
      "cell_type": "markdown",
      "source": [
        "From the above result we can say that the matrix is symmetrical"
      ],
      "metadata": {
        "id": "SY1MkRmyoqWH"
      }
    },
    {
      "cell_type": "markdown",
      "source": [
        "Now, we can implement the  multi-dimensional scaling\n",
        "(MDS), embed the points on a 2D plane"
      ],
      "metadata": {
        "id": "ZMb3MnMmowh8"
      }
    },
    {
      "cell_type": "code",
      "source": [
        "mdsmodel = MDS(n_components=2, max_iter=1000) #using MDS package connverting the matrix\n",
        "citiesmdsmodel = mdsmodel.fit_transform(newmatrix) #fitting the matrix\n",
        "plt.scatter(citiesmdsmodel[:,0],citiesmdsmodel[:,1],color = 'red') #scattering the points on the scatter plot\n",
        "plt.title('The preprocessed figure for the Europe Map')\n",
        "plt.show()"
      ],
      "metadata": {
        "colab": {
          "base_uri": "https://localhost:8080/",
          "height": 281
        },
        "id": "8pRjIpX-bw4R",
        "outputId": "02b2851e-fa85-4e0b-cdf1-02b104994606"
      },
      "execution_count": 1291,
      "outputs": [
        {
          "output_type": "display_data",
          "data": {
            "text/plain": [
              "<Figure size 432x288 with 1 Axes>"
            ],
